Sun
Star
1.989E30
1410.0
1.6144919E-15
1.7780503E-10
5.1183953E-12
1.3605264E-17
9.989063E-13
2.8755027E-14
4.7299036E-23
0.0
sun.png
Mercury
Planet
3.301E23
5430.0
0.16827026
575.0
70.6
4.74E-4
-1.393691E-7
-1.711221E-8
1.9734141E-23
0.0
mercury.png
Venus
Planet
4.867E24
5240.0
0.124249615
1080.0
64.0
3.5E-4
-4.018859E-8
-2.3817532E-9
4.7626014E-24
178.0
venus.png
Earth
Planet
5.972E24
5510.0
0.106499776
1496.0001
2.463762E-11
3.0E-4
-2.1056128E-8
1.3841346E-13
1.1574073E-21
23.4
earth.png
Mars
Planet
6.417E23
3940.0
0.08555471
2278.0
73.8
2.41E-4
-9.065724E-9
-2.9373165E-10
1.1280824E-21
5.0
mars.png
Jupiter
Planet
1.898E27
1326.0
0.04650495
7782.9995
178.99998
1.31E-4
-7.7703044E-10
-1.7856576E-11
9.7589156E-23
3.08
jupiter.png
Saturn
RingPlanet
5.68E26
687.0
0.034434833
14279.999
620.99994
9.7E-5
-2.3149185E-10
-1.0093621E-11
3.928742E-23
26.7
saturn.png
Uranus
Planet
8.68E25
1270.0
0.024139905
28710.0
386.0
6.8E-5
-5.7315926E-11
-7.678737E-13
1.6075102E-21
97.9
uranus.png
Neptune
Planet
1.02E26
1638.0
0.019169983
44959.996
1390.0
5.4E-5
-2.3334442E-11
-7.216287E-13
1.7274736E-21
29.6
neptune.png
1.0E8
